FASE 1
JOGADOR1 1 1442 700 0 1 2 300 5 0 6.74433 0 6.74433 
ROSQUINHA 3 100 650 0 0 0 200 
ROSQUINHA 4 350 550 0 0 0 450 
ROSQUINHA 5 880 470 0 0 0 500 
ROSQUINHA 6 410 370 0 0 0 600 
ROSQUINHA 7 410 270 0 0 0 100 
ROSQUINHA 8 660 270 0 0 0 100 
ROSQUINHA 9 509 170 0 0 0 100 
ROSQUINHA 10 1400 530 0 0 0 400 
ROSQUINHA 11 1600 430 0 0 0 250 
ROSQUINHA 12 1900 330 0 0 0 300 
ROSQUINHA 13 2200 230 0 0 0 300 
PEDROSO 16 1504 488 0 0 1 -1.5 0 6.77493 10 0 
PEDRADO 18 1715 478 0 0 2 -3.5 0 6.77641 10 52 
PEDRADO 19 2025 278 0 0 2 3.5 0 6.77757 12 52 
ESPINHOS 20 410 250 0 0 1 40 
ESPINHOS 21 1300 450 0 0 1 40 
ESPINHOS 22 690 350 0 0 1 40 
